0.0	2.075
0.05	2.336
0.1	2.597
0.15	2.8
0.2	3.003
0.25	3.129
0.3	3.255
0.35	3.374
0.4	3.493
0.45	3.662
0.5	3.831
0.55	3.993
0.6	4.154
0.65	4.329
0.7	4.504
0.75	4.582
0.8	4.66
0.85	4.728
0.9	4.796
0.95	4.864
1.0	4.932
1.05	4.983
1.1	5.033
1.2	5.123
1.3	5.193
1.4	5.27
1.5	5.352
1.6	5.406
1.7	5.447
1.8	5.491
1.9	5.523
2.0	5.557
2.1	5.588
2.2	5.622
2.3	5.654
2.4	5.678
2.5	5.708
2.7	5.749
2.8	5.77
2.9	5.796
3.0	5.819
3.1	5.844
3.2	5.877
3.3	5.907
3.4	5.94
3.6	6.003
3.8	6.066
4.0	6.129
4.2	6.192
4.4	6.255
4.6	6.318
4.8	6.381
5.0	6.444
5.2	6.507
5.4	6.57
5.6	6.633
5.8	6.696
6.0	6.759
6.2	6.822
40	8.2
